   -5.000     0.000  -4.322467   0.075693   0.000000   0.075693  -0.000000  -0.000000   5.704265  -0.000000  -0.000000   10.0000     0.8392
   -4.500     0.000  -3.921782   0.063601   0.000000   0.063601  -0.000000  -0.000000   5.275961  -0.000000  -0.000000   10.0000     0.8624
   -4.000     0.000  -3.520518   0.052586   0.000000   0.052586   0.000000  -0.000000   4.844954  -0.000000  -0.000000   10.0000     0.8910
   -3.500     0.000  -3.118734   0.042657   0.000000   0.042657   0.000000  -0.000000   4.411375   0.000000   0.000000   10.0000     0.9271
   -3.000     0.000  -2.716490   0.033818   0.000000   0.033818  -0.000000  -0.000000   3.975355  -0.000000  -0.000000   10.0000     0.9739
   -2.500     0.000  -2.313844   0.026078   0.000000   0.026078   0.000000  -0.000000   3.537029  -0.000000  -0.000000   10.0000     1.0370
   -2.000     0.000  -1.910857   0.019442   0.000000   0.019442   0.000000  -0.000000   3.096530  -0.000000  -0.000000   10.0000     1.1269
   -1.500     0.000  -1.507588   0.013913   0.000000   0.013913  -0.000000  -0.000000   2.653991  -0.000000  -0.000000   10.0000     1.2649
   -1.000     0.000  -1.104097   0.009495   0.000000   0.009495  -0.000000  -0.000000   2.209548   0.000000   0.000000   10.0000     1.5039
   -0.500     0.000  -0.700443   0.006192   0.000000   0.006192  -0.000000  -0.000000   1.763335   0.000000   0.000000   10.0000     2.0185
    0.000     0.000  -0.296687   0.004005   0.000000   0.004005  -0.000000   0.000000   1.315489   0.000000   0.000000   10.0000     3.9339
    0.500     0.000   0.107111   0.002935   0.000000   0.002935   0.000000   0.000000   0.866147   0.000000   0.000000   10.0000    -8.5924
    1.000     0.000   0.510892   0.002982   0.000000   0.002982   0.000000   0.000000   0.415445  -0.000000  -0.000000   10.0000    -1.3182
    1.500     0.000   0.914595   0.004146   0.000000   0.004146   0.000000   0.000000  -0.036480  -0.000000  -0.000000   10.0000    -0.4664
    2.000     0.000   1.318160   0.006426   0.000000   0.006426   0.000000   0.000000  -0.489490   0.000000   0.000000   10.0000    -0.1362
    2.500     0.000   1.721527   0.009818   0.000000   0.009818   0.000000   0.000000  -0.943447  -0.000000  -0.000000   10.0000     0.0392
    3.000     0.000   2.124638   0.014320   0.000000   0.014320   0.000000   0.000000  -1.398213   0.000000   0.000000   10.0000     0.1480
    3.500     0.000   2.527431   0.019927   0.000000   0.019927   0.000000   0.000000  -1.853648   0.000000   0.000000   10.0000     0.2221
    4.000     0.000   2.929848   0.026636   0.000000   0.026636   0.000000   0.000000  -2.309616   0.000000   0.000000   10.0000     0.2759
    4.500     0.000   3.331828   0.034439   0.000000   0.034439   0.000000   0.000000  -2.765975  -0.000000  -0.000000   10.0000     0.3167
    5.000     0.000   3.733313   0.043332   0.000000   0.043332   0.000000   0.000000  -3.222589   0.000000   0.000000   10.0000     0.3487
    5.500     0.000   4.134244   0.053305   0.000000   0.053305   0.000000   0.000000  -3.679316  -0.000000  -0.000000   10.0000     0.3746
    6.000     0.000   4.534561   0.064351   0.000000   0.064351   0.000000   0.000000  -4.136019   0.000000   0.000000   10.0000     0.3959
    6.500     0.000   4.934206   0.076462   0.000000   0.076462   0.000000   0.000000  -4.592558   0.000000   0.000000   10.0000     0.4137
    7.000     0.000   5.333121   0.089626   0.000000   0.089626   0.000000   0.000000  -5.048795  -0.000000  -0.000000   10.0000     0.4290
    7.500     0.000   5.731249   0.103834   0.000000   0.103834   0.000000   0.000000  -5.504589   0.000000   0.000000   10.0000     0.4421
    8.000     0.000   6.128530   0.119074   0.000000   0.119074   0.000000   0.000000  -5.959803   0.000000   0.000000   10.0000     0.4536
    8.500     0.000   6.524908   0.135334   0.000000   0.135334  -0.000000   0.000000  -6.414297   0.000000   0.000000   10.0000     0.4637
    9.000     0.000   6.920326   0.152601   0.000000   0.152601   0.000000   0.000000  -6.867934  -0.000000  -0.000000   10.0000     0.4726
    9.500     0.000   7.314727   0.170860   0.000000   0.170860   0.000000   0.000000  -7.320575  -0.000000  -0.000000   10.0000     0.4807
   10.000     0.000   7.708055   0.190098   0.000000   0.190098   0.000000   0.000000  -7.772081  -0.000000  -0.000000   10.0000     0.4879
   10.500     0.000   8.100255   0.210300   0.000000   0.210300   0.000000   0.000000  -8.222317  -0.000000  -0.000000   10.0000     0.4945
   11.000     0.000   8.491271   0.231448   0.000000   0.231448   0.000000   0.000000  -8.671144   0.000000   0.000000   10.0000     0.5005
   11.500     0.000   8.881048   0.253527   0.000000   0.253527  -0.000000   0.000000  -9.118425   0.000000   0.000000   10.0000     0.5060
   12.000     0.000   9.269532   0.276518   0.000000   0.276518   0.000000   0.000000  -9.564025  -0.000000  -0.000000   10.0000     0.5111
   12.500     0.000   9.656669   0.300404   0.000000   0.300404   0.000000   0.000000  -10.007808   0.000000   0.000000   10.0000     0.5158
   13.000     0.000  10.042406   0.325166   0.000000   0.325166   0.000000   0.000000  -10.449639   0.000000   0.000000   10.0000     0.5202
   13.500     0.000  10.426691   0.350784   0.000000   0.350784   0.000000   0.000000  -10.889382  -0.000000  -0.000000   10.0000     0.5243
   14.000     0.000  10.809471   0.377237   0.000000   0.377237   0.000000   0.000000  -11.326905   0.000000   0.000000   10.0000     0.5281
   14.500     0.000  11.190695   0.404506   0.000000   0.404506   0.000000   0.000000  -11.762073  -0.000000  -0.000000   10.0000     0.5317
   15.000     0.000  11.570311   0.432568   0.000000   0.432568   0.000000   0.000000  -12.194755   0.000000   0.000000   10.0000     0.5351


