   -5.000     0.000  -3.675883   0.041886   0.000000   0.041886   0.000000  -0.000000   2.839516   0.000000   0.000000   10.0000     0.2924
   -4.500     0.000  -3.309719   0.033969   0.000000   0.033969   0.000000  -0.000000   2.563839  -0.000000  -0.000000   10.0000     0.2924
   -4.000     0.000  -2.943106   0.026868   0.000000   0.026868   0.000000  -0.000000   2.286094   0.000000   0.000000   10.0000     0.2923
   -3.500     0.000  -2.576093   0.020591   0.000000   0.020591   0.000000  -0.000000   2.006367  -0.000000  -0.000000   10.0000     0.2923
   -3.000     0.000  -2.208730   0.015140   0.000000   0.015140   0.000000  -0.000000   1.724743   0.000000   0.000000   10.0000     0.2923
   -2.500     0.000  -1.841067   0.010521   0.000000   0.010521   0.000000  -0.000000   1.441308   0.000000   0.000000   10.0000     0.2922
   -2.000     0.000  -1.473154   0.006738   0.000000   0.006738   0.000000  -0.000000   1.156147  -0.000000  -0.000000   10.0000     0.2922
   -1.500     0.000  -1.105041   0.003792   0.000000   0.003792   0.000000  -0.000000   0.869349   0.000000   0.000000   10.0000     0.2922
   -1.000     0.000  -0.736778   0.001686   0.000000   0.001686   0.000000  -0.000000   0.580999   0.000000   0.000000   10.0000     0.2922
   -0.500     0.000  -0.368414   0.000422   0.000000   0.000422   0.000000  -0.000000   0.291187  -0.000000  -0.000000   10.0000     0.2922
    0.000     0.000   0.000000   0.000000   0.000000   0.000000   0.000000   0.000000   0.000000   0.000000   0.000000   10.0000     0.0000
    0.500     0.000   0.368414   0.000422   0.000000   0.000422   0.000000   0.000000  -0.292473  -0.000000  -0.000000   10.0000     0.2922
    1.000     0.000   0.736778   0.001686   0.000000   0.001686   0.000000   0.000000  -0.586143   0.000000   0.000000   10.0000     0.2922
    1.500     0.000   1.105041   0.003792   0.000000   0.003792   0.000000   0.000000  -0.880921   0.000000   0.000000   10.0000     0.2922
    2.000     0.000   1.473154   0.006738   0.000000   0.006738   0.000000   0.000000  -1.176716  -0.000000  -0.000000   10.0000     0.2922
    2.500     0.000   1.841067   0.010521   0.000000   0.010521   0.000000   0.000000  -1.473438   0.000000   0.000000   10.0000     0.2922
    3.000     0.000   2.208730   0.015140   0.000000   0.015140   0.000000   0.000000  -1.770998  -0.000000  -0.000000   10.0000     0.2923
    3.500     0.000   2.576093   0.020591   0.000000   0.020591   0.000000   0.000000  -2.069305  -0.000000  -0.000000   10.0000     0.2923
    4.000     0.000   2.943106   0.026868   0.000000   0.026868   0.000000   0.000000  -2.368267   0.000000   0.000000   10.0000     0.2923
    4.500     0.000   3.309719   0.033969   0.000000   0.033969   0.000000   0.000000  -2.667793  -0.000000  -0.000000   10.0000     0.2924
    5.000     0.000   3.675883   0.041886   0.000000   0.041886   0.000000   0.000000  -2.967794  -0.000000  -0.000000   10.0000     0.2924
    5.500     0.000   4.041550   0.050614   0.000000   0.050614   0.000000   0.000000  -3.268176   0.000000   0.000000   10.0000     0.2925
    6.000     0.000   4.406669   0.060147   0.000000   0.060147   0.000000   0.000000  -3.568848   0.000000   0.000000   10.0000     0.2926
    6.500     0.000   4.771192   0.070477   0.000000   0.070477   0.000000   0.000000  -3.869720   0.000000   0.000000   10.0000     0.2926
    7.000     0.000   5.135071   0.081596   0.000000   0.081596   0.000000   0.000000  -4.170698  -0.000000  -0.000000   10.0000     0.2927
    7.500     0.000   5.498256   0.093496   0.000000   0.093496   0.000000   0.000000  -4.471692  -0.000000  -0.000000   10.0000     0.2928
    8.000     0.000   5.860700   0.106168   0.000000   0.106168   0.000000   0.000000  -4.772611  -0.000000  -0.000000   10.0000     0.2929
    8.500     0.000   6.222355   0.119602   0.000000   0.119602   0.000000   0.000000  -5.073361  -0.000000  -0.000000   10.0000     0.2930
    9.000     0.000   6.583173   0.133788   0.000000   0.133788   0.000000   0.000000  -5.373852   0.000000   0.000000   10.0000     0.2931
    9.500     0.000   6.943107   0.148714   0.000000   0.148714   0.000000   0.000000  -5.673992  -0.000000  -0.000000   10.0000     0.2932
   10.000     0.000   7.302110   0.164370   0.000000   0.164370   0.000000   0.000000  -5.973690  -0.000000  -0.000000   10.0000     0.2933
   10.500     0.000   7.660135   0.180744   0.000000   0.180744   0.000000   0.000000  -6.272854   0.000000   0.000000   10.0000     0.2934
   11.000     0.000   8.017136   0.197822   0.000000   0.197822   0.000000   0.000000  -6.571393   0.000000   0.000000   10.0000     0.2935
   11.500     0.000   8.373068   0.215593   0.000000   0.215593   0.000000   0.000000  -6.869217   0.000000   0.000000   10.0000     0.2937
   12.000     0.000   8.727885   0.234042   0.000000   0.234042   0.000000   0.000000  -7.166234   0.000000   0.000000   10.0000     0.2938
   12.500     0.000   9.081542   0.253155   0.000000   0.253155   0.000000   0.000000  -7.462354  -0.000000  -0.000000   10.0000     0.2940
   13.000     0.000   9.433993   0.272917   0.000000   0.272917   0.000000   0.000000  -7.757487  -0.000000  -0.000000   10.0000     0.2941
   13.500     0.000   9.785196   0.293314   0.000000   0.293314   0.000000   0.000000  -8.051543  -0.000000  -0.000000   10.0000     0.2943
   14.000     0.000  10.135106   0.314330   0.000000   0.314330   0.000000   0.000000  -8.344433  -0.000000  -0.000000   10.0000     0.2944
   14.500     0.000  10.483681   0.335948   0.000000   0.335948   0.000000   0.000000  -8.636067  -0.000000  -0.000000   10.0000     0.2946
   15.000     0.000  10.830876   0.358152   0.000000   0.358152   0.000000   0.000000  -8.926356  -0.000000  -0.000000   10.0000     0.2947


